111.0,312.0,111.0,312.0,0,55812,30.0,31.0,36.0
111.0,312.0,111.0,312.0,0,55812,30.0,31.0,36.0
110.0,311.0,110.0,311.0,0,55311,65.0,65.0,75.0
109.0,310.0,109.0,310.0,0,54810,56.0,58.0,70.0
108.0,309.0,108.0,309.0,0,54309,56.0,58.0,71.0
109.0,308.0,109.0,308.0,0,54808,53.0,55.0,68.0
108.0,307.0,108.0,307.0,0,54307,34.0,36.0,49.0
107.0,306.0,107.0,306.0,0,53806,25.0,29.0,40.0
107.0,305.0,107.0,305.0,0,53805,18.0,22.0,33.0
106.0,304.0,106.0,304.0,0,53304,25.0,29.0,38.0
107.0,303.0,107.0,303.0,0,53803,16.0,20.0,29.0
107.0,302.0,107.0,302.0,0,53802,19.0,24.0,30.0
106.0,301.0,106.0,301.0,0,53301,16.0,21.0,27.0
106.0,300.0,106.0,300.0,0,53300,28.0,33.0,37.0
106.0,299.0,106.0,299.0,0,53299,17.0,22.0,26.0
105.0,298.0,105.0,298.0,0,52798,12.0,17.0,21.0
105.0,297.0,105.0,297.0,0,52797,19.0,24.0,27.0
104.0,296.0,104.0,296.0,0,52296,25.0,29.0,38.0
105.0,295.0,105.0,295.0,0,52795,37.0,44.0,52.0
105.0,294.0,105.0,294.0,0,52794,25.0,32.0,38.0
106.0,293.0,106.0,293.0,0,53293,56.0,61.0,65.0
107.0,292.0,107.0,292.0,0,53792,24.0,29.0,32.0
108.0,291.0,108.0,291.0,0,54291,24.0,28.0,31.0
109.0,290.0,109.0,290.0,0,54790,28.0,29.0,33.0
109.0,289.0,109.0,289.0,0,54789,35.0,36.0,40.0
109.0,288.0,109.0,288.0,0,54788,42.0,41.0,46.0
108.0,287.0,108.0,287.0,0,54287,37.0,36.0,41.0
107.0,286.0,107.0,286.0,0,53786,33.0,32.0,38.0
108.0,285.0,108.0,285.0,0,54285,21.0,20.0,26.0
108.0,284.0,108.0,284.0,0,54284,20.0,17.0,24.0
107.0,283.0,107.0,283.0,0,53783,35.0,33.0,38.0
107.0,282.0,107.0,282.0,0,53782,52.0,47.0,53.0
107.0,281.0,107.0,281.0,0,53781,43.0,38.0,44.0
107.0,280.0,107.0,280.0,0,53780,42.0,37.0,43.0
107.0,279.0,107.0,279.0,0,53779,43.0,38.0,44.0
106.0,278.0,106.0,278.0,0,53278,30.0,28.0,33.0
107.0,277.0,107.0,277.0,0,53777,54.0,52.0,57.0
106.0,276.0,106.0,276.0,0,53276,46.0,44.0,49.0
106.0,275.0,106.0,275.0,0,53275,47.0,46.0,51.0
106.0,274.0,106.0,274.0,0,53274,54.0,53.0,58.0
105.0,273.0,105.0,273.0,0,52773,47.0,46.0,51.0
104.0,272.0,104.0,272.0,0,52272,42.0,40.0,45.0
103.0,271.0,103.0,271.0,0,51771,37.0,35.0,40.0
104.0,270.0,104.0,270.0,0,52270,44.0,43.0,48.0
105.0,269.0,105.0,269.0,0,52769,34.0,33.0,38.0
106.0,268.0,106.0,268.0,0,53268,54.0,53.0,59.0
107.0,267.0,107.0,267.0,0,53767,51.0,50.0,56.0
106.0,266.0,106.0,266.0,0,53266,52.0,51.0,57.0
106.0,265.0,106.0,265.0,0,53265,52.0,51.0,57.0
106.0,264.0,106.0,264.0,0,53264,48.0,47.0,53.0
105.0,263.0,105.0,263.0,0,52763,46.0,45.0,51.0
104.0,262.0,104.0,262.0,0,52262,41.0,38.0,45.0
104.0,261.0,104.0,261.0,0,52261,35.0,34.0,40.0
104.0,260.0,104.0,260.0,0,52260,27.0,27.0,35.0
103.0,259.0,103.0,259.0,0,51759,28.0,29.0,34.0
104.0,258.0,104.0,258.0,0,52258,30.0,30.0,40.0
104.0,257.0,104.0,257.0,0,52257,25.0,29.0,40.0
104.0,256.0,104.0,256.0,0,52256,33.0,37.0,48.0
105.0,255.0,105.0,255.0,0,52755,32.0,36.0,47.0
105.0,254.0,105.0,254.0,0,52754,13.0,17.0,26.0
106.0,253.0,106.0,253.0,0,53253,3.0,6.0,13.0
106.0,252.0,106.0,252.0,0,53252,17.0,21.0,22.0
107.0,251.0,107.0,251.0,0,53751,6.0,10.0,9.0
107.0,250.0,107.0,250.0,0,53750,53.0,58.0,54.0
107.0,249.0,107.0,249.0,0,53749,62.0,67.0,63.0
108.0,248.0,108.0,248.0,0,54248,28.0,34.0,32.0
109.0,247.0,109.0,247.0,0,54747,48.0,55.0,61.0
109.0,246.0,109.0,246.0,0,54746,26.0,33.0,43.0
110.0,245.0,110.0,245.0,0,55245,13.0,17.0,28.0
109.0,244.0,109.0,244.0,0,54744,36.0,39.0,48.0
109.0,243.0,109.0,243.0,0,54743,34.0,37.0,44.0
110.0,242.0,110.0,242.0,0,55242,22.0,25.0,32.0
110.0,241.0,110.0,241.0,0,55241,21.0,21.0,29.0
109.0,240.0,109.0,240.0,0,54740,53.0,53.0,61.0
110.0,239.0,110.0,239.0,0,55239,36.0,35.0,43.0
110.0,238.0,110.0,238.0,0,55238,33.0,32.0,38.0
111.0,237.0,111.0,237.0,0,55737,52.0,52.0,60.0
112.0,236.0,112.0,236.0,0,56236,33.0,33.0,41.0
113.0,235.0,113.0,235.0,0,56735,26.0,26.0,38.0
114.0,234.0,114.0,234.0,0,57234,24.0,23.0,37.0
115.0,233.0,115.0,233.0,0,57733,26.0,25.0,39.0
116.0,232.0,116.0,232.0,0,58232,8.0,6.0,17.0
117.0,231.0,117.0,231.0,0,58731,25.0,29.0,38.0
118.0,230.0,118.0,230.0,0,59230,20.0,23.0,30.0
119.0,229.0,119.0,229.0,0,59729,32.0,32.0,42.0
119.0,228.0,119.0,228.0,0,59728,27.0,27.0,37.0
120.0,227.0,120.0,227.0,0,60227,33.0,32.0,40.0
121.0,226.0,121.0,226.0,0,60726,38.0,37.0,43.0
122.0,225.0,122.0,225.0,0,61225,39.0,37.0,42.0
123.0,224.0,123.0,224.0,0,61724,32.0,27.0,33.0
123.0,223.0,123.0,223.0,0,61723,46.0,44.0,47.0
122.0,222.0,122.0,222.0,0,61222,51.0,49.0,52.0
122.0,221.0,122.0,221.0,0,61221,38.0,38.0,40.0
122.0,220.0,122.0,220.0,0,61220,51.0,51.0,53.0
123.0,219.0,123.0,219.0,0,61719,40.0,35.0,41.0
124.0,218.0,124.0,218.0,0,62218,53.0,43.0,51.0
125.0,217.0,125.0,217.0,0,62717,55.0,48.0,55.0
125.0,216.0,125.0,216.0,0,62716,51.0,42.0,47.0
126.0,215.0,126.0,215.0,0,63215,68.0,59.0,62.0
127.0,214.0,127.0,214.0,0,63714,63.0,52.0,56.0
127.0,213.0,127.0,213.0,0,63713,55.0,44.0,48.0
127.0,212.0,127.0,212.0,0,63712,61.0,50.0,56.0
126.0,211.0,126.0,211.0,0,63211,65.0,59.0,63.0
127.0,210.0,127.0,210.0,0,63710,56.0,51.0,58.0
127.0,209.0,127.0,209.0,0,63709,54.0,54.0,62.0
128.0,208.0,128.0,208.0,0,64208,38.0,40.0,52.0
129.0,207.0,129.0,207.0,0,64707,50.0,54.0,65.0
128.0,206.0,128.0,206.0,0,64206,38.0,47.0,56.0
128.0,205.0,128.0,205.0,0,64205,41.0,51.0,60.0
128.0,204.0,128.0,204.0,0,64204,47.0,54.0,64.0
129.0,203.0,129.0,203.0,0,64703,38.0,42.0,53.0
130.0,202.0,130.0,202.0,0,65202,30.0,34.0,45.0
131.0,201.0,131.0,201.0,0,65701,29.0,33.0,44.0
131.0,200.0,131.0,200.0,0,65700,28.0,28.0,40.0
131.0,199.0,131.0,199.0,0,65699,32.0,35.0,44.0
131.0,198.0,131.0,198.0,0,65698,32.0,35.0,44.0
131.0,197.0,131.0,197.0,0,65697,32.0,35.0,44.0
130.0,196.0,130.0,196.0,0,65196,30.0,34.0,43.0
130.0,195.0,130.0,195.0,0,65195,32.0,36.0,45.0
131.0,194.0,131.0,194.0,0,65694,46.0,50.0,59.0
131.0,193.0,131.0,193.0,0,65693,40.0,44.0,53.0
131.0,192.0,131.0,192.0,0,65692,29.0,33.0,42.0
132.0,191.0,132.0,191.0,0,66191,27.0,31.0,40.0
133.0,190.0,133.0,190.0,0,66690,25.0,29.0,38.0
133.0,189.0,133.0,189.0,0,66689,35.0,39.0,48.0
133.0,188.0,133.0,188.0,0,66688,36.0,40.0,49.0
134.0,187.0,134.0,187.0,0,67187,28.0,32.0,41.0
135.0,186.0,135.0,186.0,0,67686,32.0,36.0,45.0
136.0,185.0,136.0,185.0,0,68185,24.0,28.0,37.0
137.0,184.0,137.0,184.0,0,68684,31.0,35.0,44.0
138.0,183.0,138.0,183.0,0,69183,36.0,40.0,51.0
138.0,182.0,138.0,182.0,0,69182,37.0,41.0,52.0
139.0,181.0,139.0,181.0,0,69681,29.0,33.0,42.0
140.0,180.0,140.0,180.0,0,70180,33.0,38.0,44.0
141.0,179.0,141.0,179.0,0,70679,26.0,30.0,39.0
142.0,178.0,142.0,178.0,0,71178,40.0,44.0,55.0
142.0,177.0,142.0,177.0,0,71177,31.0,35.0,46.0
143.0,176.0,143.0,176.0,0,71676,29.0,33.0,44.0
144.0,175.0,144.0,175.0,0,72175,35.0,39.0,48.0
145.0,174.0,145.0,174.0,0,72674,30.0,34.0,43.0
145.0,173.0,145.0,173.0,0,72673,39.0,43.0,52.0
145.0,172.0,145.0,172.0,0,72672,33.0,37.0,46.0
146.0,171.0,146.0,171.0,0,73171,24.0,28.0,37.0
147.0,170.0,147.0,170.0,0,73670,30.0,35.0,41.0
148.0,169.0,148.0,169.0,0,74169,36.0,41.0,47.0
148.0,168.0,148.0,168.0,0,74168,36.0,41.0,45.0
149.0,167.0,149.0,167.0,0,74667,28.0,32.0,41.0
149.0,166.0,149.0,166.0,0,74666,29.0,33.0,42.0
150.0,165.0,150.0,165.0,0,75165,35.0,39.0,48.0
151.0,164.0,151.0,164.0,0,75664,28.0,32.0,41.0
151.0,163.0,151.0,163.0,0,75663,29.0,32.0,41.0
151.0,162.0,151.0,162.0,0,75662,31.0,35.0,44.0
151.0,161.0,151.0,161.0,0,75661,27.0,31.0,40.0
151.0,160.0,151.0,160.0,0,75660,27.0,34.0,42.0
152.0,159.0,152.0,159.0,0,76159,20.0,27.0,35.0
153.0,158.0,153.0,158.0,0,76658,25.0,32.0,40.0
154.0,157.0,154.0,157.0,0,77157,16.0,23.0,31.0
154.0,156.0,154.0,156.0,0,77156,20.0,27.0,35.0
154.0,155.0,154.0,155.0,0,77155,25.0,32.0,40.0
155.0,154.0,155.0,154.0,0,77654,23.0,32.0,39.0
156.0,153.0,156.0,153.0,0,78153,37.0,46.0,53.0
157.0,152.0,157.0,152.0,0,78652,27.0,34.0,42.0
158.0,151.0,158.0,151.0,0,79151,29.0,33.0,42.0
159.0,150.0,159.0,150.0,0,79650,25.0,29.0,38.0
159.0,149.0,159.0,149.0,0,79649,24.0,28.0,39.0
160.0,148.0,160.0,148.0,0,80148,23.0,27.0,36.0
161.0,147.0,161.0,147.0,0,80647,23.0,26.0,35.0
161.0,146.0,161.0,146.0,0,80646,34.0,37.0,46.0
162.0,145.0,162.0,145.0,0,81145,29.0,33.0,42.0
163.0,144.0,163.0,144.0,0,81644,33.0,37.0,46.0
164.0,143.0,164.0,143.0,0,82143,15.0,20.0,24.0
165.0,142.0,165.0,142.0,0,82642,77.0,82.0,88.0
165.0,141.0,165.0,141.0,0,82641,69.0,76.0,86.0
166.0,140.0,166.0,140.0,0,83140,11.0,19.0,30.0
167.0,139.0,167.0,139.0,0,83639,29.0,35.0,47.0
167.0,138.0,167.0,138.0,0,83638,9.0,15.0,27.0
166.0,137.0,166.0,137.0,0,83137,24.0,30.0,42.0
166.0,136.0,166.0,136.0,0,83136,25.0,29.0,41.0
166.0,135.0,166.0,135.0,0,83135,20.0,24.0,35.0
166.0,134.0,166.0,134.0,0,83134,16.0,20.0,31.0
167.0,133.0,167.0,133.0,0,83633,23.0,27.0,38.0
167.0,132.0,167.0,132.0,0,83632,18.0,21.0,30.0
166.0,131.0,166.0,131.0,0,83131,25.0,24.0,30.0
167.0,130.0,167.0,130.0,0,83630,35.0,36.0,38.0
168.0,129.0,168.0,129.0,0,84129,1.0,9.0,12.0
168.0,128.0,168.0,128.0,0,84128,14.0,19.0,23.0
169.0,127.0,169.0,127.0,0,84627,7.0,10.0,19.0
170.0,126.0,170.0,126.0,0,85126,10.0,14.0,23.0
171.0,125.0,171.0,125.0,0,85625,27.0,32.0,38.0
172.0,124.0,172.0,124.0,0,86124,10.0,15.0,21.0
172.0,123.0,172.0,123.0,0,86123,8.0,13.0,19.0
172.0,122.0,172.0,122.0,0,86122,16.0,21.0,27.0
173.0,121.0,173.0,121.0,0,86621,14.0,19.0,25.0
174.0,120.0,174.0,120.0,0,87120,6.0,11.0,17.0
175.0,119.0,175.0,119.0,0,87619,14.0,19.0,23.0
176.0,118.0,176.0,118.0,0,88118,18.0,23.0,29.0
176.0,117.0,176.0,117.0,0,88117,21.0,26.0,32.0
176.0,116.0,176.0,116.0,0,88116,26.0,31.0,37.0
177.0,115.0,177.0,115.0,0,88615,27.0,34.0,40.0
178.0,114.0,178.0,114.0,0,89114,14.0,21.0,29.0
178.0,113.0,178.0,113.0,0,89113,25.0,29.0,38.0
178.0,112.0,178.0,112.0,0,89112,21.0,25.0,34.0
179.0,111.0,179.0,111.0,0,89611,13.0,17.0,26.0
179.0,110.0,179.0,110.0,0,89610,11.0,15.0,24.0
178.0,109.0,178.0,109.0,0,89109,21.0,25.0,34.0
178.0,108.0,178.0,108.0,0,89108,23.0,27.0,36.0
179.0,107.0,179.0,107.0,0,89607,34.0,41.0,49.0
180.0,106.0,180.0,106.0,0,90106,34.0,41.0,49.0
181.0,105.0,181.0,105.0,0,90605,34.0,38.0,49.0
181.0,104.0,181.0,104.0,0,90604,19.0,26.0,36.0
181.0,103.0,181.0,103.0,0,90603,21.0,24.0,33.0
181.0,102.0,181.0,102.0,0,90602,38.0,36.0,49.0
181.0,101.0,181.0,101.0,0,90601,38.0,38.0,50.0
181.0,100.0,181.0,100.0,0,90600,33.0,37.0,48.0
182.0,99.0,182.0,99.0,0,91099,17.0,24.0,32.0
181.0,98.0,181.0,98.0,0,90598,33.0,42.0,51.0
181.0,97.0,181.0,97.0,0,90597,30.0,40.0,49.0
182.0,96.0,182.0,96.0,0,91096,21.0,32.0,38.0
183.0,95.0,183.0,95.0,0,91595,30.0,39.0,48.0
182.0,94.0,182.0,94.0,0,91094,18.0,27.0,36.0
183.0,93.0,183.0,93.0,0,91593,17.0,21.0,32.0
183.0,92.0,183.0,92.0,0,91592,21.0,20.0,34.0
182.0,91.0,182.0,91.0,0,91091,23.0,23.0,35.0
181.0,90.0,181.0,90.0,0,90590,23.0,25.0,37.0
180.0,89.0,180.0,89.0,0,90089,12.0,21.0,28.0
181.0,88.0,181.0,88.0,0,90588,20.0,24.0,35.0
181.0,87.0,181.0,87.0,0,90587,17.0,21.0,32.0
181.0,86.0,181.0,86.0,0,90586,13.0,17.0,29.0
182.0,85.0,182.0,85.0,0,91085,13.0,17.0,29.0
183.0,84.0,183.0,84.0,0,91584,30.0,32.0,47.0
184.0,83.0,184.0,83.0,0,92083,23.0,24.0,42.0
184.0,82.0,184.0,82.0,0,92082,28.0,29.0,47.0
184.0,81.0,184.0,81.0,0,92081,27.0,28.0,46.0
185.0,80.0,185.0,80.0,0,92580,31.0,37.0,51.0
184.0,79.0,184.0,79.0,0,92079,24.0,26.0,41.0
184.0,78.0,184.0,78.0,0,92078,23.0,25.0,40.0
183.0,77.0,183.0,77.0,0,91577,30.0,33.0,52.0
182.0,76.0,182.0,76.0,0,91076,82.0,87.0,106.0
181.0,75.0,181.0,75.0,0,90575,55.0,62.0,80.0
180.0,74.0,180.0,74.0,0,90074,94.0,100.0,116.0
181.0,73.0,181.0,73.0,0,90573,55.0,60.0,79.0
181.0,72.0,181.0,72.0,0,90572,32.0,37.0,56.0
182.0,71.0,182.0,71.0,0,91071,53.0,58.0,78.0
181.0,70.0,181.0,70.0,0,90570,60.0,65.0,85.0
182.0,69.0,182.0,69.0,0,91069,58.0,63.0,83.0
183.0,68.0,183.0,68.0,0,91568,35.0,40.0,62.0
184.0,67.0,184.0,67.0,0,92067,109.0,116.0,135.0
184.0,66.0,184.0,66.0,0,92066,147.0,154.0,172.0
185.0,65.0,185.0,65.0,0,92565,58.0,65.0,84.0
186.0,64.0,186.0,64.0,0,93064,61.0,69.0,88.0
186.0,63.0,186.0,63.0,0,93063,47.0,58.0,78.0
186.0,62.0,186.0,62.0,0,93062,63.0,74.0,94.0
187.0,61.0,187.0,61.0,0,93561,59.0,70.0,90.0
188.0,60.0,188.0,60.0,0,94060,72.0,85.0,104.0
189.0,59.0,189.0,59.0,0,94559,50.0,63.0,82.0
189.0,58.0,189.0,58.0,0,94558,54.0,67.0,84.0
188.0,57.0,188.0,57.0,0,94057,52.0,63.0,81.0
188.0,56.0,188.0,56.0,0,94056,59.0,67.0,86.0
188.0,55.0,188.0,55.0,0,94055,67.0,70.0,89.0
187.0,54.0,187.0,54.0,0,93554,113.0,114.0,134.0
188.0,53.0,188.0,53.0,0,94053,113.0,112.0,130.0
189.0,52.0,189.0,52.0,0,94552,105.0,104.0,120.0
190.0,51.0,190.0,51.0,0,95051,95.0,94.0,110.0
190.0,50.0,190.0,50.0,0,95050,102.0,101.0,119.0
191.0,49.0,191.0,49.0,0,95549,99.0,100.0,121.0
192.0,48.0,192.0,48.0,0,96048,49.0,47.0,69.0
193.0,47.0,193.0,47.0,0,96547,78.0,85.0,101.0
194.0,46.0,194.0,46.0,0,97046,51.0,64.0,73.0
195.0,45.0,195.0,45.0,0,97545,12.0,20.0,31.0
196.0,44.0,196.0,44.0,0,98044,34.0,37.0,52.0
197.0,43.0,197.0,43.0,0,98543,34.0,37.0,54.0
198.0,42.0,198.0,42.0,0,99042,56.0,54.0,75.0
199.0,41.0,199.0,41.0,0,99541,33.0,31.0,52.0
200.0,40.0,200.0,40.0,0,100040,110.0,109.0,127.0
201.0,39.0,201.0,39.0,0,100539,82.0,79.0,96.0
202.0,38.0,202.0,38.0,0,101038,129.0,132.0,151.0
203.0,37.0,203.0,37.0,0,101537,91.0,93.0,114.0
203.0,36.0,203.0,36.0,0,101536,111.0,116.0,135.0
204.0,35.0,204.0,35.0,0,102035,86.0,88.0,109.0
205.0,34.0,205.0,34.0,0,102534,125.0,127.0,148.0
206.0,33.0,206.0,33.0,0,103033,35.0,42.0,60.0
207.0,32.0,207.0,32.0,0,103532,34.0,48.0,59.0
208.0,31.0,208.0,31.0,0,104031,16.0,25.0,40.0
209.0,30.0,209.0,30.0,0,104530,45.0,52.0,70.0
210.0,29.0,210.0,29.0,0,105029,42.0,47.0,66.0
210.0,28.0,210.0,28.0,0,105028,126.0,131.0,150.0
211.0,27.0,211.0,27.0,0,105527,114.0,119.0,138.0
211.0,26.0,211.0,26.0,0,105526,127.0,134.0,152.0
212.0,25.0,212.0,25.0,0,106025,124.0,136.0,152.0
212.0,24.0,212.0,24.0,0,106024,79.0,91.0,105.0
213.0,23.0,213.0,23.0,0,106523,92.0,104.0,116.0
213.0,22.0,213.0,22.0,0,106522,112.0,124.0,136.0
213.0,21.0,213.0,21.0,0,106521,108.0,120.0,132.0
214.0,20.0,214.0,20.0,0,107020,51.0,63.0,77.0
215.0,19.0,215.0,19.0,0,107519,91.0,99.0,118.0
215.0,18.0,215.0,18.0,0,107518,50.0,58.0,79.0
216.0,17.0,216.0,17.0,0,108017,64.0,70.0,92.0
216.0,16.0,216.0,16.0,0,108016,95.0,102.0,121.0
216.0,15.0,216.0,15.0,0,108015,42.0,49.0,68.0
217.0,14.0,217.0,14.0,0,108514,55.0,62.0,78.0
217.0,13.0,217.0,13.0,0,108513,22.0,30.0,41.0
217.0,12.0,217.0,12.0,0,108512,37.0,46.0,55.0
218.0,11.0,218.0,11.0,0,109011,29.0,35.0,47.0
218.0,10.0,218.0,10.0,0,109010,20.0,26.0,38.0
219.0,9.0,219.0,9.0,0,109509,27.0,30.0,45.0
219.0,8.0,219.0,8.0,0,109508,81.0,84.0,99.0
219.0,7.0,219.0,7.0,0,109507,75.0,78.0,95.0
220.0,6.0,220.0,6.0,0,110006,62.0,65.0,84.0
221.0,5.0,221.0,5.0,0,110505,37.0,44.0,62.0
222.0,4.0,222.0,4.0,0,111004,76.0,83.0,99.0
222.0,3.0,222.0,3.0,0,111003,75.0,85.0,97.0
223.0,2.0,223.0,2.0,0,111502,59.0,71.0,83.0
224.0,1.0,224.0,1.0,0,112001,42.0,52.0,61.0
225.0,0.0,225.0,0.0,0,112500,63.0,73.0,82.0
131.0,312.0,131.0,312.0,1,65812,33.0,33.0,41.0
131.0,312.0,131.0,312.0,1,65812,33.0,33.0,41.0
131.0,311.0,131.0,311.0,1,65811,50.0,50.0,60.0
130.0,310.0,130.0,310.0,1,65310,61.0,61.0,71.0
131.0,309.0,131.0,309.0,1,65809,62.0,61.0,69.0
132.0,308.0,132.0,308.0,1,66308,35.0,32.0,39.0
133.0,307.0,133.0,307.0,1,66807,24.0,25.0,30.0
133.0,306.0,133.0,306.0,1,66806,32.0,35.0,44.0
133.0,305.0,133.0,305.0,1,66805,17.0,24.0,32.0
132.0,304.0,132.0,304.0,1,66304,14.0,21.0,31.0
131.0,303.0,131.0,303.0,1,65803,23.0,32.0,39.0
131.0,302.0,131.0,302.0,1,65802,21.0,28.0,36.0
131.0,301.0,131.0,301.0,1,65801,22.0,26.0,35.0
131.0,300.0,131.0,300.0,1,65800,28.0,31.0,38.0
130.0,299.0,130.0,299.0,1,65299,18.0,17.0,23.0
131.0,298.0,131.0,298.0,1,65798,20.0,19.0,27.0
130.0,297.0,130.0,297.0,1,65297,40.0,32.0,45.0
131.0,296.0,131.0,296.0,1,65796,49.0,36.0,45.0
132.0,295.0,132.0,295.0,1,66295,48.0,37.0,43.0
132.0,294.0,132.0,294.0,1,66294,65.0,54.0,60.0
133.0,293.0,133.0,293.0,1,66793,57.0,46.0,54.0
134.0,292.0,134.0,292.0,1,67292,55.0,45.0,56.0
135.0,291.0,135.0,291.0,1,67791,40.0,34.0,46.0
136.0,290.0,136.0,290.0,1,68290,49.0,43.0,55.0
137.0,289.0,137.0,289.0,1,68789,47.0,44.0,51.0
137.0,288.0,137.0,288.0,1,68788,54.0,53.0,59.0
138.0,287.0,138.0,287.0,1,69287,54.0,52.0,53.0
138.0,286.0,138.0,286.0,1,69286,58.0,58.0,56.0
139.0,285.0,139.0,285.0,1,69785,53.0,49.0,48.0
138.0,284.0,138.0,284.0,1,69284,58.0,54.0,51.0
138.0,283.0,138.0,283.0,1,69283,55.0,46.0,49.0
138.0,282.0,138.0,282.0,1,69282,56.0,45.0,49.0
139.0,281.0,139.0,281.0,1,69781,54.0,43.0,47.0
140.0,280.0,140.0,280.0,1,70280,57.0,46.0,50.0
141.0,279.0,141.0,279.0,1,70779,63.0,51.0,55.0
140.0,278.0,140.0,278.0,1,70278,77.0,71.0,73.0
139.0,277.0,139.0,277.0,1,69777,64.0,60.0,61.0
140.0,276.0,140.0,276.0,1,70276,73.0,69.0,70.0
140.0,275.0,140.0,275.0,1,70275,62.0,60.0,61.0
139.0,274.0,139.0,274.0,1,69774,89.0,87.0,88.0
140.0,273.0,140.0,273.0,1,70273,84.0,82.0,85.0
141.0,272.0,141.0,272.0,1,70772,51.0,52.0,54.0
141.0,271.0,141.0,271.0,1,70771,40.0,40.0,42.0
142.0,270.0,142.0,270.0,1,71270,54.0,45.0,48.0
143.0,269.0,143.0,269.0,1,71769,65.0,54.0,58.0
144.0,268.0,144.0,268.0,1,72268,45.0,41.0,42.0
145.0,267.0,145.0,267.0,1,72767,38.0,38.0,40.0
145.0,266.0,145.0,266.0,1,72766,26.0,25.0,30.0
146.0,265.0,146.0,265.0,1,73265,24.0,25.0,29.0
147.0,264.0,147.0,264.0,1,73764,4.0,9.0,13.0
147.0,263.0,147.0,263.0,1,73763,12.0,17.0,21.0
148.0,262.0,148.0,262.0,1,74262,20.0,27.0,33.0
149.0,261.0,149.0,261.0,1,74761,20.0,27.0,33.0
150.0,260.0,150.0,260.0,1,75260,23.0,30.0,38.0
151.0,259.0,151.0,259.0,1,75759,23.0,32.0,39.0
150.0,258.0,150.0,258.0,1,75258,17.0,21.0,30.0
150.0,257.0,150.0,257.0,1,75257,30.0,20.0,29.0
150.0,256.0,150.0,256.0,1,75256,33.0,34.0,38.0
151.0,255.0,151.0,255.0,1,75755,1.0,13.0,13.0
152.0,254.0,152.0,254.0,1,76254,34.0,37.0,44.0
151.0,253.0,151.0,253.0,1,75753,40.0,44.0,55.0
152.0,252.0,152.0,252.0,1,76252,5.0,15.0,24.0
153.0,251.0,153.0,251.0,1,76751,0.0,4.0,7.0
154.0,250.0,154.0,250.0,1,77250,38.0,33.0,27.0
153.0,249.0,153.0,249.0,1,76749,208.0,197.0,179.0
152.0,248.0,152.0,248.0,1,76248,255.0,255.0,255.0
151.0,247.0,151.0,247.0,1,75747,228.0,231.0,210.0
150.0,246.0,150.0,246.0,1,75246,50.0,46.0,37.0
150.0,245.0,150.0,245.0,1,75245,3.0,1.0,4.0
150.0,244.0,150.0,244.0,1,75244,15.0,17.0,29.0
150.0,243.0,150.0,243.0,1,75243,4.0,4.0,12.0
151.0,242.0,151.0,242.0,1,75742,14.0,17.0,22.0
152.0,241.0,152.0,241.0,1,76241,19.0,25.0,25.0
151.0,240.0,151.0,240.0,1,75740,14.0,15.0,19.0
150.0,239.0,150.0,239.0,1,75239,0.0,3.0,6.0
149.0,238.0,149.0,238.0,1,74738,20.0,23.0,32.0
149.0,237.0,149.0,237.0,1,74737,27.0,30.0,39.0
149.0,236.0,149.0,236.0,1,74736,18.0,20.0,32.0
149.0,235.0,149.0,235.0,1,74735,17.0,19.0,31.0
148.0,234.0,148.0,234.0,1,74234,18.0,21.0,28.0
148.0,233.0,148.0,233.0,1,74233,18.0,21.0,26.0
148.0,232.0,148.0,232.0,1,74232,19.0,22.0,29.0
148.0,231.0,148.0,231.0,1,74231,16.0,19.0,28.0
149.0,230.0,149.0,230.0,1,74730,12.0,16.0,25.0
150.0,229.0,150.0,229.0,1,75229,21.0,25.0,34.0
151.0,228.0,151.0,228.0,1,75728,20.0,23.0,32.0
152.0,227.0,152.0,227.0,1,76227,13.0,20.0,28.0
153.0,226.0,153.0,226.0,1,76726,26.0,35.0,42.0
154.0,225.0,154.0,225.0,1,77225,3.0,12.0,19.0
155.0,224.0,155.0,224.0,1,77724,21.0,25.0,36.0
156.0,223.0,156.0,223.0,1,78223,31.0,33.0,46.0
156.0,222.0,156.0,222.0,1,78222,33.0,33.0,43.0
157.0,221.0,157.0,221.0,1,78721,37.0,36.0,44.0
158.0,220.0,158.0,220.0,1,79220,44.0,44.0,52.0
158.0,219.0,158.0,219.0,1,79219,45.0,44.0,50.0
159.0,218.0,159.0,218.0,1,79718,49.0,43.0,47.0
160.0,217.0,160.0,217.0,1,80217,43.0,38.0,42.0
161.0,216.0,161.0,216.0,1,80716,37.0,37.0,45.0
162.0,215.0,162.0,215.0,1,81215,26.0,30.0,41.0
162.0,214.0,162.0,214.0,1,81214,21.0,24.0,33.0
163.0,213.0,163.0,213.0,1,81713,10.0,16.0,28.0
163.0,212.0,163.0,212.0,1,81712,12.0,16.0,28.0
163.0,211.0,163.0,211.0,1,81711,19.0,23.0,35.0
163.0,210.0,163.0,210.0,1,81710,36.0,44.0,57.0
164.0,209.0,164.0,209.0,1,82209,22.0,30.0,43.0
163.0,208.0,163.0,208.0,1,81708,28.0,36.0,47.0
164.0,207.0,164.0,207.0,1,82207,17.0,24.0,40.0
164.0,206.0,164.0,206.0,1,82206,33.0,42.0,51.0
163.0,205.0,163.0,205.0,1,81705,30.0,41.0,45.0
163.0,204.0,163.0,204.0,1,81704,23.0,33.0,42.0
164.0,203.0,164.0,203.0,1,82203,33.0,42.0,51.0
164.0,202.0,164.0,202.0,1,82202,28.0,37.0,44.0
165.0,201.0,165.0,201.0,1,82701,37.0,44.0,54.0
165.0,200.0,165.0,200.0,1,82700,36.0,44.0,57.0
166.0,199.0,166.0,199.0,1,83199,13.0,19.0,31.0
166.0,198.0,166.0,198.0,1,83198,19.0,26.0,36.0
167.0,197.0,167.0,197.0,1,83697,17.0,23.0,35.0
166.0,196.0,166.0,196.0,1,83196,24.0,28.0,37.0
165.0,195.0,165.0,195.0,1,82695,23.0,28.0,32.0
166.0,194.0,166.0,194.0,1,83194,25.0,28.0,35.0
166.0,193.0,166.0,193.0,1,83193,25.0,28.0,37.0
165.0,192.0,165.0,192.0,1,82692,21.0,19.0,33.0
164.0,191.0,164.0,191.0,1,82191,29.0,32.0,41.0
164.0,190.0,164.0,190.0,1,82190,24.0,27.0,36.0
163.0,189.0,163.0,189.0,1,81689,32.0,32.0,42.0
163.0,188.0,163.0,188.0,1,81688,32.0,35.0,44.0
164.0,187.0,164.0,187.0,1,82187,25.0,29.0,38.0
163.0,186.0,163.0,186.0,1,81686,25.0,28.0,37.0
162.0,185.0,162.0,185.0,1,81185,33.0,33.0,41.0
162.0,184.0,162.0,184.0,1,81184,26.0,26.0,34.0
162.0,183.0,162.0,183.0,1,81183,27.0,26.0,34.0
163.0,182.0,163.0,182.0,1,81682,33.0,32.0,40.0
163.0,181.0,163.0,181.0,1,81681,37.0,36.0,44.0
163.0,180.0,163.0,180.0,1,81680,36.0,34.0,45.0
164.0,179.0,164.0,179.0,1,82179,38.0,37.0,45.0
164.0,178.0,164.0,178.0,1,82178,37.0,36.0,44.0
165.0,177.0,165.0,177.0,1,82677,50.0,49.0,57.0
166.0,176.0,166.0,176.0,1,83176,43.0,40.0,47.0
165.0,175.0,165.0,175.0,1,82675,32.0,31.0,39.0
166.0,174.0,166.0,174.0,1,83174,34.0,31.0,40.0
167.0,173.0,167.0,173.0,1,83673,34.0,33.0,41.0
168.0,172.0,168.0,172.0,1,84172,30.0,29.0,37.0
169.0,171.0,169.0,171.0,1,84671,21.0,24.0,29.0
169.0,170.0,169.0,170.0,1,84670,19.0,24.0,28.0
169.0,169.0,169.0,169.0,1,84669,18.0,26.0,28.0
169.0,168.0,169.0,168.0,1,84668,14.0,22.0,24.0
169.0,167.0,169.0,167.0,1,84667,18.0,22.0,31.0
168.0,166.0,168.0,166.0,1,84166,27.0,31.0,40.0
168.0,165.0,168.0,165.0,1,84165,35.0,39.0,48.0
168.0,164.0,168.0,164.0,1,84164,30.0,34.0,43.0
168.0,163.0,168.0,163.0,1,84163,21.0,25.0,34.0
168.0,162.0,168.0,162.0,1,84162,26.0,30.0,39.0
168.0,161.0,168.0,161.0,1,84161,23.0,27.0,36.0
168.0,160.0,168.0,160.0,1,84160,19.0,23.0,32.0
168.0,159.0,168.0,159.0,1,84159,16.0,20.0,29.0
168.0,158.0,168.0,158.0,1,84158,11.0,15.0,24.0
168.0,157.0,168.0,157.0,1,84157,15.0,19.0,28.0
168.0,156.0,168.0,156.0,1,84156,20.0,24.0,33.0
169.0,155.0,169.0,155.0,1,84655,31.0,35.0,44.0
169.0,154.0,169.0,154.0,1,84654,25.0,29.0,38.0
170.0,153.0,170.0,153.0,1,85153,12.0,16.0,25.0
171.0,152.0,171.0,152.0,1,85652,21.0,25.0,34.0
172.0,151.0,172.0,151.0,1,86151,15.0,19.0,28.0
173.0,150.0,173.0,150.0,1,86650,28.0,32.0,41.0
174.0,149.0,174.0,149.0,1,87149,24.0,28.0,37.0
175.0,148.0,175.0,148.0,1,87648,18.0,22.0,31.0
176.0,147.0,176.0,147.0,1,88147,19.0,23.0,32.0
177.0,146.0,177.0,146.0,1,88646,20.0,24.0,33.0
178.0,145.0,178.0,145.0,1,89145,21.0,25.0,34.0
178.0,144.0,178.0,144.0,1,89144,28.0,32.0,41.0
179.0,143.0,179.0,143.0,1,89643,19.0,23.0,34.0
180.0,142.0,180.0,142.0,1,90142,21.0,25.0,34.0
181.0,141.0,181.0,141.0,1,90641,16.0,21.0,27.0
182.0,140.0,182.0,140.0,1,91140,10.0,15.0,19.0
182.0,139.0,182.0,139.0,1,91139,4.0,9.0,13.0
183.0,138.0,183.0,138.0,1,91638,11.0,16.0,22.0
183.0,137.0,183.0,137.0,1,91637,17.0,22.0,28.0
184.0,136.0,184.0,136.0,1,92136,9.0,13.0,22.0
185.0,135.0,185.0,135.0,1,92635,8.0,12.0,23.0
186.0,134.0,186.0,134.0,1,93134,1.0,5.0,16.0
186.0,133.0,186.0,133.0,1,93133,9.0,13.0,24.0
186.0,132.0,186.0,132.0,1,93132,9.0,13.0,24.0
187.0,131.0,187.0,131.0,1,93631,9.0,13.0,25.0
188.0,130.0,188.0,130.0,1,94130,11.0,15.0,26.0
189.0,129.0,189.0,129.0,1,94629,4.0,8.0,19.0
190.0,128.0,190.0,128.0,1,95128,12.0,16.0,25.0
190.0,127.0,190.0,127.0,1,95127,10.0,14.0,23.0
190.0,126.0,190.0,126.0,1,95126,11.0,15.0,24.0
191.0,125.0,191.0,125.0,1,95625,14.0,18.0,27.0
191.0,124.0,191.0,124.0,1,95624,20.0,24.0,33.0
191.0,123.0,191.0,123.0,1,95623,16.0,20.0,29.0
191.0,122.0,191.0,122.0,1,95622,8.0,12.0,21.0
191.0,121.0,191.0,121.0,1,95621,11.0,15.0,24.0
191.0,120.0,191.0,120.0,1,95620,18.0,22.0,31.0
192.0,119.0,192.0,119.0,1,96119,36.0,39.0,48.0
192.0,118.0,192.0,118.0,1,96118,26.0,29.0,38.0
193.0,117.0,193.0,117.0,1,96617,27.0,31.0,42.0
192.0,116.0,192.0,116.0,1,96116,29.0,36.0,44.0
192.0,115.0,192.0,115.0,1,96115,53.0,62.0,71.0
192.0,114.0,192.0,114.0,1,96114,62.0,72.0,81.0
192.0,113.0,192.0,113.0,1,96113,43.0,54.0,60.0
192.0,112.0,192.0,112.0,1,96112,31.0,41.0,50.0
191.0,111.0,191.0,111.0,1,95611,28.0,37.0,46.0
192.0,110.0,192.0,110.0,1,96110,30.0,40.0,49.0
193.0,109.0,193.0,109.0,1,96609,37.0,46.0,55.0
194.0,108.0,194.0,108.0,1,97108,34.0,43.0,52.0
194.0,107.0,194.0,107.0,1,97107,27.0,36.0,45.0
194.0,106.0,194.0,106.0,1,97106,26.0,35.0,44.0
193.0,105.0,193.0,105.0,1,96605,30.0,40.0,49.0
194.0,104.0,194.0,104.0,1,97104,22.0,31.0,40.0
195.0,103.0,195.0,103.0,1,97603,31.0,40.0,49.0
196.0,102.0,196.0,102.0,1,98102,28.0,37.0,46.0
197.0,101.0,197.0,101.0,1,98601,32.0,41.0,50.0
198.0,100.0,198.0,100.0,1,99100,36.0,45.0,54.0
199.0,99.0,199.0,99.0,1,99599,45.0,54.0,63.0
200.0,98.0,200.0,98.0,1,100098,41.0,50.0,57.0
201.0,97.0,201.0,97.0,1,100597,31.0,40.0,49.0
202.0,96.0,202.0,96.0,1,101096,26.0,35.0,42.0
201.0,95.0,201.0,95.0,1,100595,28.0,37.0,46.0
201.0,94.0,201.0,94.0,1,100594,32.0,41.0,50.0
201.0,93.0,201.0,93.0,1,100593,27.0,36.0,45.0
201.0,92.0,201.0,92.0,1,100592,21.0,30.0,39.0
202.0,91.0,202.0,91.0,1,101091,34.0,43.0,52.0
203.0,90.0,203.0,90.0,1,101590,26.0,32.0,44.0
203.0,89.0,203.0,89.0,1,101589,20.0,26.0,38.0
203.0,88.0,203.0,88.0,1,101588,30.0,34.0,46.0
203.0,87.0,203.0,87.0,1,101587,12.0,18.0,30.0
204.0,86.0,204.0,86.0,1,102086,23.0,29.0,41.0
205.0,85.0,205.0,85.0,1,102585,21.0,27.0,39.0
206.0,84.0,206.0,84.0,1,103084,28.0,34.0,46.0
207.0,83.0,207.0,83.0,1,103583,37.0,41.0,53.0
208.0,82.0,208.0,82.0,1,104082,55.0,59.0,71.0
209.0,81.0,209.0,81.0,1,104581,47.0,51.0,63.0
210.0,80.0,210.0,80.0,1,105080,46.0,50.0,62.0
211.0,79.0,211.0,79.0,1,105579,47.0,51.0,62.0
212.0,78.0,212.0,78.0,1,106078,45.0,49.0,61.0
212.0,77.0,212.0,77.0,1,106077,44.0,50.0,62.0
212.0,76.0,212.0,76.0,1,106076,64.0,70.0,84.0
213.0,75.0,213.0,75.0,1,106575,55.0,61.0,77.0
213.0,74.0,213.0,74.0,1,106574,32.0,37.0,56.0
213.0,73.0,213.0,73.0,1,106573,37.0,42.0,61.0
214.0,72.0,214.0,72.0,1,107072,60.0,65.0,84.0
215.0,71.0,215.0,71.0,1,107571,47.0,53.0,69.0
216.0,70.0,216.0,70.0,1,108070,48.0,54.0,68.0
216.0,69.0,216.0,69.0,1,108069,45.0,51.0,63.0
216.0,68.0,216.0,68.0,1,108068,40.0,46.0,60.0
217.0,67.0,217.0,67.0,1,108567,47.0,53.0,69.0
217.0,66.0,217.0,66.0,1,108566,53.0,58.0,80.0
218.0,65.0,218.0,65.0,1,109065,53.0,57.0,82.0
218.0,64.0,218.0,64.0,1,109064,46.0,51.0,73.0
217.0,63.0,217.0,63.0,1,108563,54.0,57.0,76.0
217.0,62.0,217.0,62.0,1,108562,39.0,45.0,61.0
217.0,61.0,217.0,61.0,1,108561,59.0,65.0,79.0
217.0,60.0,217.0,60.0,1,108560,57.0,63.0,75.0
218.0,59.0,218.0,59.0,1,109059,69.0,76.0,86.0
219.0,58.0,219.0,58.0,1,109558,75.0,85.0,94.0
220.0,57.0,220.0,57.0,1,110057,71.0,84.0,92.0
221.0,56.0,221.0,56.0,1,110556,28.0,38.0,48.0
222.0,55.0,222.0,55.0,1,111055,59.0,67.0,80.0
222.0,54.0,222.0,54.0,1,111054,39.0,45.0,59.0
223.0,53.0,223.0,53.0,1,111553,16.0,22.0,36.0
223.0,52.0,223.0,52.0,1,111552,32.0,35.0,52.0
223.0,51.0,223.0,51.0,1,111551,62.0,63.0,81.0
224.0,50.0,224.0,50.0,1,112050,80.0,82.0,97.0
225.0,49.0,225.0,49.0,1,112549,99.0,103.0,115.0
226.0,48.0,226.0,48.0,1,113048,60.0,67.0,77.0
227.0,47.0,227.0,47.0,1,113547,37.0,46.0,55.0
228.0,46.0,228.0,46.0,1,114046,41.0,50.0,59.0
228.0,45.0,228.0,45.0,1,114045,46.0,50.0,61.0
229.0,44.0,229.0,44.0,1,114544,47.0,49.0,61.0
230.0,43.0,230.0,43.0,1,115043,53.0,52.0,66.0
230.0,42.0,230.0,42.0,1,115042,55.0,54.0,68.0
230.0,41.0,230.0,41.0,1,115041,52.0,54.0,67.0
230.0,40.0,230.0,40.0,1,115040,73.0,77.0,88.0
230.0,39.0,230.0,39.0,1,115039,77.0,84.0,94.0
231.0,38.0,231.0,38.0,1,115538,52.0,62.0,71.0
232.0,37.0,232.0,37.0,1,116037,62.0,70.0,81.0
232.0,36.0,232.0,36.0,1,116036,49.0,55.0,67.0
233.0,35.0,233.0,35.0,1,116535,13.0,17.0,29.0
233.0,34.0,233.0,34.0,1,116534,48.0,54.0,66.0
233.0,33.0,233.0,33.0,1,116533,37.0,43.0,55.0
233.0,32.0,233.0,32.0,1,116532,11.0,17.0,29.0
234.0,31.0,234.0,31.0,1,117031,72.0,79.0,89.0
233.0,30.0,233.0,30.0,1,116530,87.0,94.0,104.0
234.0,29.0,234.0,29.0,1,117029,85.0,89.0,98.0
234.0,28.0,234.0,28.0,1,117028,99.0,106.0,112.0
234.0,27.0,234.0,27.0,1,117027,103.0,111.0,114.0
233.0,26.0,233.0,26.0,1,116526,75.0,83.0,86.0
233.0,25.0,233.0,25.0,1,116525,70.0,73.0,78.0
232.0,24.0,232.0,24.0,1,116024,80.0,80.0,90.0
232.0,23.0,232.0,23.0,1,116023,98.0,105.0,115.0
233.0,22.0,233.0,22.0,1,116522,63.0,73.0,85.0
234.0,21.0,234.0,21.0,1,117021,22.0,36.0,49.0
235.0,20.0,235.0,20.0,1,117520,19.0,31.0,45.0
236.0,19.0,236.0,19.0,1,118019,52.0,61.0,76.0
237.0,18.0,237.0,18.0,1,118518,37.0,47.0,57.0
237.0,17.0,237.0,17.0,1,118517,25.0,34.0,41.0
238.0,16.0,238.0,16.0,1,119016,37.0,41.0,50.0
239.0,15.0,239.0,15.0,1,119515,34.0,41.0,49.0
239.0,14.0,239.0,14.0,1,119514,47.0,54.0,62.0
239.0,13.0,239.0,13.0,1,119513,32.0,41.0,50.0
240.0,12.0,240.0,12.0,1,120012,13.0,19.0,31.0
240.0,11.0,240.0,11.0,1,120011,40.0,44.0,55.0
240.0,10.0,240.0,10.0,1,120010,62.0,66.0,77.0
240.0,9.0,240.0,9.0,1,120009,73.0,77.0,88.0
241.0,8.0,241.0,8.0,1,120508,61.0,65.0,77.0
240.0,7.0,240.0,7.0,1,120007,41.0,47.0,59.0
239.0,6.0,239.0,6.0,1,119506,38.0,44.0,56.0
239.0,5.0,239.0,5.0,1,119505,55.0,61.0,73.0
239.0,4.0,239.0,4.0,1,119504,51.0,57.0,69.0
239.0,3.0,239.0,3.0,1,119503,42.0,48.0,60.0
239.0,2.0,239.0,2.0,1,119502,44.0,50.0,62.0
239.0,1.0,239.0,1.0,1,119501,42.0,48.0,60.0
240.0,0.0,240.0,0.0,1,120000,49.0,55.0,67.0
119.0,312.0,119.0,312.0,2,59812,35.0,34.0,48.0
119.0,312.0,119.0,312.0,2,59812,35.0,34.0,48.0
119.0,311.0,119.0,311.0,2,59811,46.0,48.0,60.0
120.0,310.0,120.0,310.0,2,60310,57.0,59.0,74.0
120.0,309.0,120.0,309.0,2,60309,47.0,47.0,59.0
120.0,308.0,120.0,308.0,2,60308,42.0,42.0,50.0
121.0,307.0,121.0,307.0,2,60807,19.0,19.0,29.0
120.0,306.0,120.0,306.0,2,60306,3.0,8.0,12.0
120.0,305.0,120.0,305.0,2,60305,17.0,22.0,25.0
119.0,304.0,119.0,304.0,2,59804,11.0,19.0,22.0
118.0,303.0,118.0,303.0,2,59303,4.0,12.0,14.0
119.0,302.0,119.0,302.0,2,59802,2.0,10.0,12.0
120.0,301.0,120.0,301.0,2,60301,9.0,17.0,19.0
119.0,300.0,119.0,300.0,2,59800,32.0,37.0,41.0
119.0,299.0,119.0,299.0,2,59799,34.0,35.0,40.0
120.0,298.0,120.0,298.0,2,60298,22.0,22.0,24.0
121.0,297.0,121.0,297.0,2,60797,24.0,23.0,29.0
120.0,296.0,120.0,296.0,2,60296,38.0,37.0,42.0
120.0,295.0,120.0,295.0,2,60295,40.0,39.0,44.0
120.0,294.0,120.0,294.0,2,60294,53.0,52.0,57.0
120.0,293.0,120.0,293.0,2,60293,54.0,53.0,59.0
119.0,292.0,119.0,292.0,2,59792,24.0,23.0,29.0
120.0,291.0,120.0,291.0,2,60291,46.0,45.0,51.0
119.0,290.0,119.0,290.0,2,59790,37.0,36.0,42.0
119.0,289.0,119.0,289.0,2,59789,45.0,44.0,50.0
118.0,288.0,118.0,288.0,2,59288,45.0,46.0,51.0
117.0,287.0,117.0,287.0,2,58787,38.0,39.0,44.0
116.0,286.0,116.0,286.0,2,58286,38.0,39.0,44.0
117.0,285.0,117.0,285.0,2,58785,32.0,35.0,40.0
116.0,284.0,116.0,284.0,2,58284,37.0,38.0,43.0
116.0,283.0,116.0,283.0,2,58283,33.0,32.0,38.0
115.0,282.0,115.0,282.0,2,57782,50.0,45.0,52.0
116.0,281.0,116.0,281.0,2,58281,49.0,44.0,51.0
115.0,280.0,115.0,280.0,2,57780,36.0,33.0,40.0
116.0,279.0,116.0,279.0,2,58279,37.0,34.0,41.0
115.0,278.0,115.0,278.0,2,57778,41.0,40.0,46.0
116.0,277.0,116.0,277.0,2,58277,40.0,37.0,44.0
117.0,276.0,117.0,276.0,2,58776,47.0,46.0,52.0
118.0,275.0,118.0,275.0,2,59275,46.0,45.0,51.0
117.0,274.0,117.0,274.0,2,58774,39.0,40.0,45.0
117.0,273.0,117.0,273.0,2,58773,28.0,29.0,34.0
118.0,272.0,118.0,272.0,2,59272,31.0,32.0,37.0
119.0,271.0,119.0,271.0,2,59771,35.0,36.0,41.0
118.0,270.0,118.0,270.0,2,59270,29.0,32.0,37.0
117.0,269.0,117.0,269.0,2,58769,31.0,34.0,39.0
117.0,268.0,117.0,268.0,2,58768,40.0,39.0,45.0
117.0,267.0,117.0,267.0,2,58767,47.0,42.0,49.0
117.0,266.0,117.0,266.0,2,58766,45.0,38.0,46.0
117.0,265.0,117.0,265.0,2,58765,48.0,38.0,47.0
118.0,264.0,118.0,264.0,2,59264,49.0,39.0,48.0
119.0,263.0,119.0,263.0,2,59763,51.0,41.0,49.0
120.0,262.0,120.0,262.0,2,60262,36.0,31.0,38.0
121.0,261.0,121.0,261.0,2,60761,36.0,33.0,40.0
122.0,260.0,122.0,260.0,2,61260,38.0,38.0,46.0
123.0,259.0,123.0,259.0,2,61759,31.0,38.0,44.0
123.0,258.0,123.0,258.0,2,61758,23.0,28.0,34.0
122.0,257.0,122.0,257.0,2,61257,24.0,22.0,33.0
122.0,256.0,122.0,256.0,2,61256,18.0,18.0,30.0
123.0,255.0,123.0,255.0,2,61755,10.0,12.0,27.0
124.0,254.0,124.0,254.0,2,62254,30.0,34.0,46.0
125.0,253.0,125.0,253.0,2,62753,25.0,33.0,35.0
126.0,252.0,126.0,252.0,2,63252,17.0,24.0,17.0
127.0,251.0,127.0,251.0,2,63751,3.0,5.0,4.0
128.0,250.0,128.0,250.0,2,64250,150.0,152.0,151.0
128.0,249.0,128.0,249.0,2,64249,239.0,242.0,221.0
127.0,248.0,127.0,248.0,2,63748,68.0,68.0,58.0
128.0,247.0,128.0,247.0,2,64247,39.0,38.0,54.0
127.0,246.0,127.0,246.0,2,63746,25.0,30.0,36.0
128.0,245.0,128.0,245.0,2,64245,13.0,18.0,22.0
128.0,244.0,128.0,244.0,2,64244,4.0,8.0,19.0
129.0,243.0,129.0,243.0,2,64743,19.0,24.0,30.0
130.0,242.0,130.0,242.0,2,65242,24.0,29.0,33.0
129.0,241.0,129.0,241.0,2,64741,12.0,17.0,21.0
128.0,240.0,128.0,240.0,2,64240,21.0,25.0,34.0
128.0,239.0,128.0,239.0,2,64239,23.0,30.0,36.0
127.0,238.0,127.0,238.0,2,63738,11.0,15.0,26.0
127.0,237.0,127.0,237.0,2,63737,17.0,21.0,30.0
127.0,236.0,127.0,236.0,2,63736,24.0,28.0,37.0
127.0,235.0,127.0,235.0,2,63735,35.0,39.0,48.0
127.0,234.0,127.0,234.0,2,63734,39.0,42.0,51.0
127.0,233.0,127.0,233.0,2,63733,28.0,31.0,40.0
127.0,232.0,127.0,232.0,2,63732,21.0,24.0,33.0
127.0,231.0,127.0,231.0,2,63731,22.0,24.0,36.0
127.0,230.0,127.0,230.0,2,63730,28.0,31.0,40.0
128.0,229.0,128.0,229.0,2,64229,28.0,31.0,40.0
129.0,228.0,129.0,228.0,2,64728,36.0,35.0,43.0
129.0,227.0,129.0,227.0,2,64727,34.0,34.0,44.0
130.0,226.0,130.0,226.0,2,65226,21.0,23.0,35.0
130.0,225.0,130.0,225.0,2,65225,25.0,29.0,40.0
131.0,224.0,131.0,224.0,2,65724,34.0,37.0,46.0
132.0,223.0,132.0,223.0,2,66223,41.0,41.0,49.0
133.0,222.0,133.0,222.0,2,66722,36.0,35.0,41.0
133.0,221.0,133.0,221.0,2,66721,40.0,39.0,44.0
133.0,220.0,133.0,220.0,2,66720,46.0,45.0,50.0
134.0,219.0,134.0,219.0,2,67219,45.0,44.0,49.0
134.0,218.0,134.0,218.0,2,67218,42.0,41.0,47.0
134.0,217.0,134.0,217.0,2,67217,46.0,45.0,50.0
134.0,216.0,134.0,216.0,2,67216,62.0,60.0,65.0
133.0,215.0,133.0,215.0,2,66715,55.0,49.0,53.0
132.0,214.0,132.0,214.0,2,66214,66.0,57.0,62.0
132.0,213.0,132.0,213.0,2,66213,60.0,51.0,56.0
131.0,212.0,131.0,212.0,2,65712,64.0,55.0,58.0
130.0,211.0,130.0,211.0,2,65211,78.0,69.0,74.0
130.0,210.0,130.0,210.0,2,65210,70.0,65.0,71.0
130.0,209.0,130.0,209.0,2,65209,50.0,49.0,57.0
131.0,208.0,131.0,208.0,2,65708,51.0,51.0,59.0
132.0,207.0,132.0,207.0,2,66207,38.0,41.0,50.0
131.0,206.0,131.0,206.0,2,65706,40.0,47.0,57.0
131.0,205.0,131.0,205.0,2,65705,34.0,44.0,53.0
132.0,204.0,132.0,204.0,2,66204,37.0,46.0,55.0
131.0,203.0,131.0,203.0,2,65703,33.0,40.0,50.0
131.0,202.0,131.0,202.0,2,65702,30.0,37.0,47.0
132.0,201.0,132.0,201.0,2,66201,25.0,29.0,40.0
133.0,200.0,133.0,200.0,2,66700,31.0,35.0,46.0
132.0,199.0,132.0,199.0,2,66199,29.0,32.0,41.0
132.0,198.0,132.0,198.0,2,66198,26.0,29.0,38.0
132.0,197.0,132.0,197.0,2,66197,29.0,33.0,42.0
131.0,196.0,131.0,196.0,2,65696,29.0,33.0,42.0
130.0,195.0,130.0,195.0,2,65195,32.0,36.0,45.0
131.0,194.0,131.0,194.0,2,65694,46.0,50.0,59.0
132.0,193.0,132.0,193.0,2,66193,44.0,48.0,57.0
132.0,192.0,132.0,192.0,2,66192,34.0,38.0,47.0
132.0,191.0,132.0,191.0,2,66191,27.0,31.0,40.0
132.0,190.0,132.0,190.0,2,66190,26.0,30.0,39.0
132.0,189.0,132.0,189.0,2,66189,35.0,39.0,48.0
131.0,188.0,131.0,188.0,2,65688,33.0,37.0,46.0
132.0,187.0,132.0,187.0,2,66187,33.0,37.0,46.0
132.0,186.0,132.0,186.0,2,66186,29.0,33.0,42.0
132.0,185.0,132.0,185.0,2,66185,31.0,35.0,44.0
132.0,184.0,132.0,184.0,2,66184,27.0,31.0,40.0
132.0,183.0,132.0,183.0,2,66183,28.0,32.0,41.0
132.0,182.0,132.0,182.0,2,66182,26.0,30.0,41.0
132.0,181.0,132.0,181.0,2,66181,25.0,29.0,38.0
131.0,180.0,131.0,180.0,2,65680,30.0,35.0,41.0
130.0,179.0,130.0,179.0,2,65179,32.0,37.0,43.0
130.0,178.0,130.0,178.0,2,65178,26.0,30.0,39.0
130.0,177.0,130.0,177.0,2,65177,31.0,35.0,46.0
130.0,176.0,130.0,176.0,2,65176,34.0,38.0,49.0
131.0,175.0,131.0,175.0,2,65675,35.0,39.0,50.0
131.0,174.0,131.0,174.0,2,65674,37.0,41.0,53.0
132.0,173.0,132.0,173.0,2,66173,39.0,43.0,54.0
131.0,172.0,131.0,172.0,2,65672,44.0,48.0,59.0
130.0,171.0,130.0,171.0,2,65171,34.0,38.0,49.0
130.0,170.0,130.0,170.0,2,65170,30.0,34.0,45.0
131.0,169.0,131.0,169.0,2,65669,23.0,27.0,38.0
132.0,168.0,132.0,168.0,2,66168,24.0,28.0,39.0
133.0,167.0,133.0,167.0,2,66667,37.0,39.0,51.0
134.0,166.0,134.0,166.0,2,67166,34.0,38.0,49.0
135.0,165.0,135.0,165.0,2,67665,34.0,38.0,49.0
135.0,164.0,135.0,164.0,2,67664,32.0,36.0,47.0
136.0,163.0,136.0,163.0,2,68163,29.0,32.0,41.0
137.0,162.0,137.0,162.0,2,68662,27.0,32.0,38.0
137.0,161.0,137.0,161.0,2,68661,26.0,33.0,39.0
138.0,160.0,138.0,160.0,2,69160,38.0,45.0,51.0
138.0,159.0,138.0,159.0,2,69159,37.0,44.0,52.0
139.0,158.0,139.0,158.0,2,69658,31.0,38.0,46.0
140.0,157.0,140.0,157.0,2,70157,14.0,23.0,32.0
141.0,156.0,141.0,156.0,2,70656,23.0,32.0,41.0
142.0,155.0,142.0,155.0,2,71155,25.0,32.0,40.0
143.0,154.0,143.0,154.0,2,71654,7.0,16.0,23.0
144.0,153.0,144.0,153.0,2,72153,18.0,27.0,34.0
145.0,152.0,145.0,152.0,2,72652,21.0,28.0,36.0
146.0,151.0,146.0,151.0,2,73151,34.0,38.0,47.0
147.0,150.0,147.0,150.0,2,73650,28.0,31.0,40.0
148.0,149.0,148.0,149.0,2,74149,38.0,42.0,53.0
148.0,148.0,148.0,148.0,2,74148,36.0,40.0,51.0
149.0,147.0,149.0,147.0,2,74647,30.0,32.0,44.0
150.0,146.0,150.0,146.0,2,75146,34.0,36.0,48.0
151.0,145.0,151.0,145.0,2,75645,31.0,35.0,46.0
152.0,144.0,152.0,144.0,2,76144,30.0,34.0,45.0
152.0,143.0,152.0,143.0,2,76143,35.0,39.0,50.0
152.0,142.0,152.0,142.0,2,76142,36.0,40.0,51.0
153.0,141.0,153.0,141.0,2,76641,26.0,30.0,41.0
154.0,140.0,154.0,140.0,2,77140,23.0,27.0,38.0
155.0,139.0,155.0,139.0,2,77639,19.0,24.0,30.0
156.0,138.0,156.0,138.0,2,78138,18.0,23.0,29.0
157.0,137.0,157.0,137.0,2,78637,23.0,27.0,36.0
158.0,136.0,158.0,136.0,2,79136,12.0,16.0,25.0
159.0,135.0,159.0,135.0,2,79635,7.0,9.0,21.0
160.0,134.0,160.0,134.0,2,80134,19.0,21.0,33.0
160.0,133.0,160.0,133.0,2,80133,9.0,12.0,21.0
161.0,132.0,161.0,132.0,2,80632,19.0,22.0,27.0
161.0,131.0,161.0,131.0,2,80631,27.0,31.0,34.0
162.0,130.0,162.0,130.0,2,81130,23.0,27.0,30.0
163.0,129.0,163.0,129.0,2,81629,36.0,35.0,41.0
164.0,128.0,164.0,128.0,2,82128,56.0,50.0,62.0
164.0,127.0,164.0,127.0,2,82127,45.0,42.0,53.0
165.0,126.0,165.0,126.0,2,82626,20.0,18.0,31.0
166.0,125.0,166.0,125.0,2,83125,12.0,12.0,24.0
167.0,124.0,167.0,124.0,2,83624,16.0,20.0,31.0
168.0,123.0,168.0,123.0,2,84123,8.0,12.0,24.0
169.0,122.0,169.0,122.0,2,84622,13.0,17.0,28.0
170.0,121.0,170.0,121.0,2,85121,16.0,20.0,31.0
170.0,120.0,170.0,120.0,2,85120,18.0,22.0,34.0
170.0,119.0,170.0,119.0,2,85119,23.0,27.0,38.0
171.0,118.0,171.0,118.0,2,85618,14.0,18.0,29.0
171.0,117.0,171.0,117.0,2,85617,15.0,19.0,30.0
171.0,116.0,171.0,116.0,2,85616,23.0,27.0,38.0
170.0,115.0,170.0,115.0,2,85115,40.0,47.0,57.0
171.0,114.0,171.0,114.0,2,85614,43.0,50.0,58.0
170.0,113.0,170.0,113.0,2,85113,47.0,56.0,65.0
169.0,112.0,169.0,112.0,2,84612,41.0,49.0,60.0
168.0,111.0,168.0,111.0,2,84111,38.0,44.0,56.0
167.0,110.0,167.0,110.0,2,83610,47.0,53.0,67.0
166.0,109.0,166.0,109.0,2,83109,60.0,68.0,81.0
165.0,108.0,165.0,108.0,2,82608,53.0,61.0,74.0
165.0,107.0,165.0,107.0,2,82607,48.0,56.0,69.0
165.0,106.0,165.0,106.0,2,82606,37.0,45.0,58.0
166.0,105.0,166.0,105.0,2,83105,62.0,70.0,83.0
166.0,104.0,166.0,104.0,2,83104,56.0,64.0,77.0
165.0,103.0,165.0,103.0,2,82603,45.0,52.0,68.0
165.0,102.0,165.0,102.0,2,82602,40.0,47.0,63.0
166.0,101.0,166.0,101.0,2,83101,43.0,49.0,65.0
166.0,100.0,166.0,100.0,2,83100,41.0,48.0,64.0
167.0,99.0,167.0,99.0,2,83599,49.0,56.0,72.0
167.0,98.0,167.0,98.0,2,83598,41.0,50.0,65.0
166.0,97.0,166.0,97.0,2,83097,50.0,58.0,71.0
166.0,96.0,166.0,96.0,2,83096,48.0,56.0,69.0
165.0,95.0,165.0,95.0,2,82595,32.0,38.0,52.0
165.0,94.0,165.0,94.0,2,82594,44.0,50.0,64.0
166.0,93.0,166.0,93.0,2,83093,33.0,39.0,51.0
166.0,92.0,166.0,92.0,2,83092,6.0,10.0,22.0
166.0,91.0,166.0,91.0,2,83091,23.0,27.0,39.0
166.0,90.0,166.0,90.0,2,83090,37.0,44.0,54.0
167.0,89.0,167.0,89.0,2,83589,25.0,34.0,43.0
168.0,88.0,168.0,88.0,2,84088,35.0,45.0,55.0
169.0,87.0,169.0,87.0,2,84587,11.0,19.0,32.0
169.0,86.0,169.0,86.0,2,84586,24.0,32.0,43.0
170.0,85.0,170.0,85.0,2,85085,59.0,66.0,82.0
170.0,84.0,170.0,84.0,2,85084,28.0,35.0,53.0
170.0,83.0,170.0,83.0,2,85083,52.0,59.0,77.0
169.0,82.0,169.0,82.0,2,84582,86.0,93.0,112.0
170.0,81.0,170.0,81.0,2,85081,77.0,85.0,108.0
170.0,80.0,170.0,80.0,2,85080,88.0,95.0,121.0
171.0,79.0,171.0,79.0,2,85579,69.0,76.0,104.0
171.0,78.0,171.0,78.0,2,85578,67.0,74.0,102.0
171.0,77.0,171.0,77.0,2,85577,78.0,83.0,113.0
170.0,76.0,170.0,76.0,2,85076,74.0,78.0,113.0
171.0,75.0,171.0,75.0,2,85575,73.0,78.0,108.0
172.0,74.0,172.0,74.0,2,86074,66.0,72.0,98.0
171.0,73.0,171.0,73.0,2,85573,60.0,66.0,90.0
172.0,72.0,172.0,72.0,2,86072,74.0,81.0,100.0
171.0,71.0,171.0,71.0,2,85571,71.0,78.0,97.0
172.0,70.0,172.0,70.0,2,86070,57.0,64.0,80.0
173.0,69.0,173.0,69.0,2,86569,56.0,64.0,77.0
174.0,68.0,174.0,68.0,2,87068,22.0,30.0,43.0
175.0,67.0,175.0,67.0,2,87567,72.0,79.0,97.0
176.0,66.0,176.0,66.0,2,88066,62.0,69.0,88.0
177.0,65.0,177.0,65.0,2,88565,54.0,60.0,82.0
178.0,64.0,178.0,64.0,2,89064,54.0,60.0,82.0
179.0,63.0,179.0,63.0,2,