4.0,124.0,4.0,124.0,0,924,14.0,19.0,25.0
4.0,124.0,4.0,124.0,1,924,14.0,19.0,25.0
3.0,123.0,3.0,123.0,2,723,6.0,11.0,17.0
2.0,122.0,2.0,122.0,3,522,24.0,23.0,28.0
2.0,121.0,2.0,121.0,4,521,69.0,68.0,73.0
3.0,120.0,3.0,120.0,5,720,31.0,35.0,44.0
3.0,119.0,3.0,119.0,6,719,27.0,30.0,39.0
3.0,118.0,3.0,118.0,7,718,57.0,61.0,64.0
3.0,117.0,3.0,117.0,8,717,60.0,64.0,65.0
4.0,116.0,4.0,116.0,9,916,62.0,66.0,69.0
4.0,115.0,4.0,115.0,10,915,38.0,43.0,49.0
4.0,114.0,4.0,114.0,11,914,24.0,33.0,42.0
3.0,113.0,3.0,113.0,12,713,51.0,59.0,70.0
2.0,112.0,2.0,112.0,13,512,65.0,72.0,80.0
1.0,111.0,1.0,111.0,14,311,42.0,49.0,55.0
2.0,110.0,2.0,110.0,15,510,2.0,7.0,11.0
2.0,109.0,2.0,109.0,16,509,9.0,12.0,17.0
2.0,108.0,2.0,108.0,17,508,4.0,7.0,12.0
2.0,107.0,2.0,107.0,18,507,14.0,19.0,23.0
1.0,106.0,1.0,106.0,19,306,10.0,15.0,19.0
1.0,105.0,1.0,105.0,20,305,18.0,23.0,27.0
1.0,104.0,1.0,104.0,21,304,11.0,16.0,20.0
1.0,103.0,1.0,103.0,22,303,6.0,11.0,15.0
2.0,102.0,2.0,102.0,23,502,9.0,14.0,20.0
1.0,101.0,1.0,101.0,24,301,5.0,10.0,16.0
0.0,100.0,0.0,100.0,25,100,8.0,13.0,19.0
0.0,99.0,0.0,99.0,26,99,16.0,21.0,27.0
0.0,98.0,0.0,98.0,27,98,11.0,14.0,21.0
1.0,97.0,1.0,97.0,28,297,0.0,2.0,9.0
2.0,96.0,2.0,96.0,29,496,2.0,5.0,10.0
3.0,95.0,3.0,95.0,30,695,4.0,3.0,8.0
2.0,94.0,2.0,94.0,31,494,14.0,17.0,22.0
2.0,93.0,2.0,93.0,32,493,7.0,12.0,18.0
2.0,92.0,2.0,92.0,33,492,5.0,10.0,16.0
2.0,91.0,2.0,91.0,34,491,9.0,14.0,20.0
2.0,90.0,2.0,90.0,35,490,10.0,15.0,21.0
2.0,89.0,2.0,89.0,36,489,2.0,7.0,13.0
2.0,88.0,2.0,88.0,37,488,6.0,9.0,16.0
2.0,87.0,2.0,87.0,38,487,8.0,11.0,16.0
1.0,86.0,1.0,86.0,39,286,7.0,10.0,15.0
1.0,85.0,1.0,85.0,40,285,5.0,8.0,13.0
1.0,84.0,1.0,84.0,41,284,27.0,32.0,36.0
0.0,83.0,0.0,83.0,42,83,38.0,43.0,49.0
1.0,82.0,1.0,82.0,43,282,30.0,35.0,39.0
0.0,81.0,0.0,81.0,44,81,47.0,52.0,58.0
1.0,80.0,1.0,80.0,45,280,14.0,19.0,25.0
2.0,79.0,2.0,79.0,46,479,17.0,21.0,30.0
3.0,78.0,3.0,78.0,47,678,13.0,17.0,28.0
3.0,77.0,3.0,77.0,48,677,18.0,22.0,31.0
3.0,76.0,3.0,76.0,49,676,14.0,19.0,23.0
2.0,75.0,2.0,75.0,50,475,13.0,18.0,24.0
3.0,74.0,3.0,74.0,51,674,9.0,14.0,20.0
3.0,73.0,3.0,73.0,52,673,20.0,25.0,29.0
3.0,72.0,3.0,72.0,53,672,14.0,19.0,25.0
2.0,71.0,2.0,71.0,54,471,13.0,18.0,24.0
1.0,70.0,1.0,70.0,55,270,2.0,5.0,10.0
0.0,69.0,0.0,69.0,56,69,7.0,11.0,14.0
1.0,68.0,1.0,68.0,57,268,9.0,14.0,17.0
0.0,67.0,0.0,67.0,58,67,6.0,11.0,14.0
1.0,66.0,1.0,66.0,59,266,3.0,8.0,12.0
2.0,65.0,2.0,65.0,60,465,3.0,6.0,11.0
3.0,64.0,3.0,64.0,61,664,1.0,2.0,7.0
4.0,63.0,4.0,63.0,62,863,20.0,23.0,28.0
4.0,62.0,4.0,62.0,63,862,70.0,75.0,81.0
4.0,61.0,4.0,61.0,64,861,38.0,39.0,44.0
5.0,60.0,5.0,60.0,65,1060,3.0,4.0,8.0
5.0,59.0,5.0,59.0,66,1059,16.0,20.0,29.0
4.0,58.0,4.0,58.0,67,858,22.0,26.0,35.0
5.0,57.0,5.0,57.0,68,1057,41.0,45.0,46.0
6.0,56.0,6.0,56.0,69,1256,48.0,52.0,53.0
6.0,55.0,6.0,55.0,70,1255,52.0,57.0,63.0
5.0,54.0,5.0,54.0,71,1054,56.0,68.0,66.0
4.0,53.0,4.0,53.0,72,853,39.0,45.0,45.0
3.0,52.0,3.0,52.0,73,652,50.0,49.0,55.0
2.0,51.0,2.0,51.0,74,451,66.0,64.0,65.0
2.0,50.0,2.0,50.0,75,450,65.0,69.0,70.0
3.0,49.0,3.0,49.0,76,649,47.0,52.0,55.0
3.0,48.0,3.0,48.0,77,648,40.0,42.0,41.0
2.0,47.0,2.0,47.0,78,447,45.0,50.0,43.0
3.0,46.0,3.0,46.0,79,646,66.0,55.0,49.0
2.0,45.0,2.0,45.0,80,445,79.0,61.0,61.0
3.0,44.0,3.0,44.0,81,644,56.0,58.0,47.0
3.0,43.0,3.0,43.0,82,643,49.0,58.0,55.0
4.0,42.0,4.0,42.0,83,842,43.0,48.0,41.0
5.0,41.0,5.0,41.0,84,1041,64.0,70.0,66.0
4.0,40.0,4.0,40.0,85,840,73.0,77.0,78.0
3.0,39.0,3.0,39.0,86,639,4.0,8.0,9.0
3.0,38.0,3.0,38.0,87,638,13.0,16.0,21.0
3.0,37.0,3.0,37.0,88,637,4.0,9.0,15.0
2.0,36.0,2.0,36.0,89,436,1.0,4.0,11.0
1.0,35.0,1.0,35.0,90,235,17.0,20.0,27.0
0.0,34.0,0.0,34.0,91,34,6.0,13.0,19.0
1.0,33.0,1.0,33.0,92,233,6.0,11.0,17.0
2.0,32.0,2.0,32.0,93,432,8.0,13.0,19.0
3.0,31.0,3.0,31.0,94,631,13.0,16.0,23.0
4.0,30.0,4.0,30.0,95,830,10.0,14.0,25.0
5.0,29.0,5.0,29.0,96,1029,17.0,21.0,30.0
6.0,28.0,6.0,28.0,97,1228,17.0,24.0,32.0
7.0,27.0,7.0,27.0,98,1427,16.0,19.0,28.0
8.0,26.0,8.0,26.0,99,1626,18.0,22.0,31.0
8.0,25.0,8.0,25.0,100,1625,17.0,21.0,30.0
9.0,24.0,9.0,24.0,101,1824,19.0,19.0,29.0
9.0,23.0,9.0,23.0,102,1823,5.0,10.0,16.0
10.0,22.0,10.0,22.0,103,2022,15.0,20.0,24.0
11.0,21.0,11.0,21.0,104,2221,16.0,21.0,25.0
11.0,20.0,11.0,20.0,105,2220,13.0,16.0,23.0
12.0,19.0,12.0,19.0,106,2419,16.0,20.0,29.0
13.0,18.0,13.0,18.0,107,2618,18.0,27.0,34.0
14.0,17.0,14.0,17.0,108,2817,14.0,23.0,30.0
15.0,16.0,15.0,16.0,109,3016,20.0,27.0,35.0
16.0,15.0,16.0,15.0,110,3215,22.0,26.0,35.0
17.0,14.0,17.0,14.0,111,3414,18.0,25.0,33.0
18.0,13.0,18.0,13.0,112,3613,15.0,24.0,31.0
19.0,12.0,19.0,12.0,113,3812,19.0,23.0,32.0
20.0,11.0,20.0,11.0,114,4011,13.0,17.0,26.0
20.0,10.0,20.0,10.0,115,4010,18.0,22.0,31.0
21.0,9.0,21.0,9.0,116,4209,21.0,28.0,36.0
22.0,8.0,22.0,8.0,117,4408,15.0,24.0,31.0
23.0,7.0,23.0,7.0,118,4607,9.0,18.0,25.0
23.0,6.0,23.0,6.0,119,4606,12.0,21.0,28.0
23.0,5.0,23.0,5.0,120,4605,20.0,29.0,36.0
23.0,4.0,23.0,4.0,121,4604,27.0,36.0,45.0
22.0,3.0,22.0,3.0,122,4403,24.0,33.0,42.0
22.0,2.0,22.0,2.0,123,4402,35.0,44.0,53.0
21.0,1.0,21.0,1.0,124,4201,42.0,52.0,62.0
20.0,0.0,20.0,0.0,125,4000,42.0,52.0,64.0
49.0,124.0,49.0,124.0,0,9924,51.0,54.0,61.0
49.0,124.0,49.0,124.0,1,9924,51.0,54.0,61.0
48.0,123.0,48.0,123.0,2,9723,45.0,45.0,55.0
49.0,122.0,49.0,122.0,3,9922,13.0,16.0,21.0
49.0,121.0,49.0,121.0,4,9921,3.0,9.0,9.0
50.0,120.0,50.0,120.0,5,10120,10.0,11.0,16.0
51.0,119.0,51.0,119.0,6,10319,20.0,18.0,29.0
52.0,118.0,52.0,118.0,7,10518,51.0,38.0,48.0
53.0,117.0,53.0,117.0,8,10717,64.0,51.0,58.0
52.0,116.0,52.0,116.0,9,10516,37.0,28.0,33.0
52.0,115.0,52.0,115.0,10,10515,51.0,46.0,53.0
52.0,114.0,52.0,114.0,11,10514,48.0,40.0,51.0
52.0,113.0,52.0,113.0,12,10513,45.0,38.0,45.0
51.0,112.0,51.0,112.0,13,10312,47.0,41.0,45.0
50.0,111.0,50.0,111.0,14,10111,47.0,42.0,46.0
51.0,110.0,51.0,110.0,15,10310,54.0,48.0,48.0
51.0,109.0,51.0,109.0,16,10309,65.0,55.0,53.0
50.0,108.0,50.0,108.0,17,10108,52.0,42.0,43.0
50.0,107.0,50.0,107.0,18,10107,42.0,33.0,36.0
49.0,106.0,49.0,106.0,19,9906,52.0,45.0,52.0
48.0,105.0,48.0,105.0,20,9705,53.0,41.0,51.0
49.0,104.0,49.0,104.0,21,9904,40.0,39.0,45.0
48.0,103.0,48.0,103.0,22,9703,37.0,42.0,48.0
47.0,102.0,47.0,102.0,23,9502,14.0,18.0,29.0
47.0,101.0,47.0,101.0,24,9501,0.0,8.0,10.0
48.0,100.0,48.0,100.0,25,9700,70.0,72.0,58.0
49.0,99.0,49.0,99.0,26,9899,78.0,79.0,71.0
49.0,98.0,49.0,98.0,27,9898,2.0,2.0,10.0
49.0,97.0,49.0,97.0,28,9897,22.0,26.0,37.0
50.0,96.0,50.0,96.0,29,10096,27.0,29.0,41.0
50.0,95.0,50.0,95.0,30,10095,19.0,26.0,34.0
51.0,94.0,51.0,94.0,31,10294,32.0,30.0,41.0
50.0,93.0,50.0,93.0,32,10093,30.0,32.0,45.0
50.0,92.0,50.0,92.0,33,10092,24.0,27.0,36.0
50.0,91.0,50.0,91.0,34,10091,26.0,27.0,32.0
50.0,90.0,50.0,90.0,35,10090,28.0,26.0,31.0
50.0,89.0,50.0,89.0,36,10089,35.0,30.0,36.0
49.0,88.0,49.0,88.0,37,9888,42.0,42.0,44.0
49.0,87.0,49.0,87.0,38,9887,52.0,45.0,52.0
48.0,86.0,48.0,86.0,39,9686,53.0,47.0,51.0
49.0,85.0,49.0,85.0,39,9885,66.0,55.0,59.0
48.0,84.0,48.0,84.0,40,9684,48.0,48.0,50.0
47.0,83.0,47.0,83.0,41,9483,61.0,58.0,65.0
46.0,82.0,46.0,82.0,42,9282,20.0,23.0,30.0
46.0,81.0,46.0,81.0,43,9281,22.0,26.0,35.0
47.0,80.0,47.0,80.0,44,9480,22.0,31.0,40.0
47.0,79.0,47.0,79.0,45,9479,28.0,38.0,47.0
48.0,78.0,48.0,78.0,46,9678,41.0,48.0,58.0
49.0,77.0,49.0,77.0,46,9877,31.0,35.0,44.0
50.0,76.0,50.0,76.0,47,10076,45.0,48.0,57.0
51.0,75.0,51.0,75.0,48,10275,27.0,31.0,40.0
52.0,74.0,52.0,74.0,49,10474,29.0,33.0,42.0
53.0,73.0,53.0,73.0,50,10673,28.0,31.0,40.0
54.0,72.0,54.0,72.0,51,10872,24.0,28.0,37.0
55.0,71.0,55.0,71.0,52,11071,33.0,36.0,43.0
56.0,70.0,56.0,70.0,53,11270,37.0,41.0,52.0
57.0,69.0,57.0,69.0,54,11469,38.0,42.0,54.0
58.0,68.0,58.0,68.0,55,11668,27.0,31.0,40.0
59.0,67.0,59.0,67.0,56,11867,33.0,38.0,44.0
60.0,66.0,60.0,66.0,57,12066,33.0,36.0,45.0
59.0,65.0,59.0,65.0,58,11865,36.0,39.0,48.0
59.0,64.0,59.0,64.0,59,11864,31.0,35.0,46.0
59.0,63.0,59.0,63.0,60,11863,32.0,39.0,49.0
60.0,62.0,60.0,62.0,61,12062,22.0,29.0,39.0
61.0,61.0,61.0,61.0,62,12261,27.0,36.0,45.0
62.0,60.0,62.0,60.0,63,12460,32.0,36.0,45.0
63.0,59.0,63.0,59.0,64,12659,21.0,23.0,35.0
64.0,58.0,64.0,58.0,65,12858,24.0,28.0,37.0
65.0,57.0,65.0,57.0,66,13057,43.0,46.0,53.0
66.0,56.0,66.0,56.0,67,13256,37.0,46.0,53.0
67.0,55.0,67.0,55.0,68,13455,26.0,35.0,44.0
68.0,54.0,68.0,54.0,69,13654,18.0,22.0,33.0
69.0,53.0,69.0,53.0,70,13853,18.0,22.0,31.0
70.0,52.0,70.0,52.0,71,14052,1.0,4.0,11.0
71.0,51.0,71.0,51.0,72,14251,10.0,15.0,19.0
71.0,50.0,71.0,50.0,73,14250,17.0,22.0,28.0
72.0,49.0,72.0,49.0,74,14449,9.0,13.0,24.0
73.0,48.0,73.0,48.0,75,14648,13.0,16.0,25.0
74.0,47.0,74.0,47.0,76,14847,45.0,48.0,57.0
74.0,46.0,74.0,46.0,77,14846,48.0,52.0,63.0
75.0,45.0,75.0,45.0,78,15045,17.0,26.0,35.0
76.0,44.0,76.0,44.0,79,15244,27.0,40.0,48.0
77.0,43.0,77.0,43.0,80,15443,34.0,44.0,53.0
76.0,42.0,76.0,42.0,81,15242,41.0,50.0,59.0
76.0,41.0,76.0,41.0,82,15241,17.0,26.0,35.0
75.0,40.0,75.0,40.0,83,15040,10.0,20.0,29.0
74.0,39.0,74.0,39.0,84,14839,26.0,35.0,44.0
73.0,38.0,73.0,38.0,85,14638,28.0,37.0,46.0
72.0,37.0,72.0,37.0,86,14437,19.0,23.0,35.0
72.0,36.0,72.0,36.0,87,14436,23.0,23.0,35.0
72.0,35.0,72.0,35.0,88,14435,19.0,23.0,32.0
71.0,34.0,71.0,34.0,89,14234,18.0,22.0,34.0
70.0,33.0,70.0,33.0,90,14033,67.0,70.0,87.0
69.0,32.0,69.0,32.0,91,13832,84.0,90.0,116.0
68.0,31.0,68.0,31.0,92,13631,88.0,95.0,124.0
67.0,30.0,67.0,30.0,93,13430,62.0,66.0,101.0
68.0,29.0,68.0,29.0,94,13629,70.0,75.0,104.0
69.0,28.0,69.0,28.0,95,13828,58.0,66.0,77.0
70.0,27.0,70.0,27.0,96,14027,64.0,72.0,83.0
71.0,26.0,71.0,26.0,97,14226,43.0,48.0,70.0
72.0,25.0,72.0,25.0,98,14425,70.0,75.0,97.0
73.0,24.0,73.0,24.0,99,14624,58.0,69.0,89.0
74.0,23.0,74.0,23.0,100,14823,49.0,60.0,80.0
75.0,22.0,75.0,22.0,101,15022,67.0,72.0,94.0
76.0,21.0,76.0,21.0,102,15221,84.0,82.0,96.0
76.0,20.0,76.0,20.0,103,15220,99.0,95.0,112.0
76.0,19.0,76.0,19.0,104,15219,79.0,77.0,101.0
76.0,18.0,76.0,18.0,105,15218,69.0,73.0,98.0
75.0,17.0,75.0,17.0,106,15017,69.0,76.0,95.0
75.0,16.0,75.0,16.0,107,15016,36.0,38.0,59.0
75.0,15.0,75.0,15.0,108,15015,44.0,51.0,70.0
75.0,14.0,75.0,14.0,109,15014,57.0,66.0,83.0
75.0,13.0,75.0,13.0,110,15013,26.0,33.0,49.0
74.0,12.0,74.0,12.0,111,14812,29.0,37.0,50.0
73.0,11.0,73.0,11.0,112,14611,24.0,33.0,40.0
74.0,10.0,74.0,10.0,113,14810,57.0,66.0,75.0
74.0,9.0,74.0,9.0,114,14809,99.0,108.0,117.0
75.0,8.0,75.0,8.0,114,15008,65.0,75.0,85.0
74.0,7.0,74.0,7.0,115,14807,59.0,69.0,79.0
73.0,6.0,73.0,6.0,116,14606,30.0,39.0,54.0
73.0,5.0,73.0,5.0,117,14605,72.0,80.0,101.0
73.0,4.0,73.0,4.0,118,14604,52.0,58.0,80.0
74.0,3.0,74.0,3.0,119,14803,63.0,70.0,88.0
74.0,2.0,74.0,2.0,120,14802,39.0,47.0,58.0
73.0,1.0,73.0,1.0,121,14601,38.0,44.0,56.0
72.0,0.0,72.0,0.0,121,14400,55.0,56.0,76.0
49.0,124.0,49.0,124.0,0,9924,51.0,54.0,61.0
49.0,124.0,49.0,124.0,1,9924,51.0,54.0,61.0
48.0,123.0,48.0,123.0,2,9723,45.0,45.0,55.0
47.0,122.0,47.0,122.0,3,9522,17.0,24.0,32.0
48.0,121.0,48.0,121.0,4,9721,16.0,24.0,27.0
47.0,120.0,47.0,120.0,5,9520,12.0,20.0,23.0
47.0,119.0,47.0,119.0,6,9519,25.0,24.0,30.0
46.0,118.0,46.0,118.0,7,9318,23.0,26.0,33.0
45.0,117.0,45.0,117.0,8,9117,32.0,32.0,40.0
45.0,116.0,45.0,116.0,9,9116,27.0,28.0,32.0
45.0,115.0,45.0,115.0,10,9115,37.0,37.0,39.0
44.0,114.0,44.0,114.0,11,8914,62.0,61.0,67.0
43.0,113.0,43.0,113.0,12,8713,39.0,34.0,41.0
42.0,112.0,42.0,112.0,13,8512,47.0,42.0,48.0
41.0,111.0,41.0,111.0,14,8311,36.0,35.0,40.0
41.0,110.0,41.0,110.0,15,8310,37.0,35.0,40.0
42.0,109.0,42.0,109.0,16,8509,53.0,51.0,56.0
41.0,108.0,41.0,108.0,17,8308,46.0,45.0,51.0
41.0,107.0,41.0,107.0,18,8307,43.0,40.0,47.0
40.0,106.0,40.0,106.0,19,8106,36.0,33.0,42.0
41.0,105.0,41.0,105.0,20,8305,38.0,35.0,44.0
41.0,104.0,41.0,104.0,21,8304,34.0,32.0,43.0
41.0,103.0,41.0,103.0,22,8303,29.0,30.0,34.0
41.0,102.0,41.0,102.0,23,8302,34.0,36.0,48.0
41.0,101.0,41.0,101.0,24,8301,10.0,14.0,25.0
41.0,100.0,41.0,100.0,25,8300,39.0,40.0,34.0
40.0,99.0,40.0,99.0,26,8099,97.0,85.0,85.0
40.0,98.0,40.0,98.0,27,8098,13.0,23.0,22.0
41.0,97.0,41.0,97.0,28,8297,17.0,17.0,25.0
41.0,96.0,41.0,96.0,29,8296,38.0,33.0,37.0
41.0,95.0,41.0,95.0,30,8295,57.0,51.0,55.0
41.0,94.0,41.0,94.0,31,8294,46.0,50.0,53.0
40.0,93.0,40.0,93.0,32,8093,21.0,26.0,30.0
40.0,92.0,40.0,92.0,33,8092,27.0,25.0,36.0
39.0,91.0,39.0,91.0,34,7891,30.0,31.0,35.0
38.0,90.0,38.0,90.0,35,7690,51.0,50.0,55.0
37.0,89.0,37.0,89.0,36,7489,22.0,25.0,32.0
37.0,88.0,37.0,88.0,37,7488,16.0,15.0,21.0
37.0,87.0,37.0,87.0,38,7487,25.0,25.0,35.0
36.0,86.0,36.0,86.0,39,7286,43.0,52.0,61.0
35.0,85.0,35.0,85.0,40,7085,46.0,56.0,65.0
36.0,84.0,36.0,84.0,41,7284,36.0,45.0,54.0
36.0,83.0,36.0,83.0,42,7283,33.0,42.0,51.0
35.0,82.0,35.0,82.0,43,7082,39.0,49.0,58.0
36.0,81.0,36.0,81.0,44,7281,31.0,40.0,49.0
35.0,80.0,35.0,80.0,45,7080,20.0,29.0,38.0
35.0,79.0,35.0,79.0,46,7079,29.0,36.0,46.0
34.0,78.0,34.0,78.0,47,6878,27.0,31.0,42.0
35.0,77.0,35.0,77.0,48,7077,41.0,45.0,57.0
36.0,76.0,36.0,76.0,49,7276,24.0,28.0,40.0
35.0,75.0,35.0,75.0,50,7075,33.0,37.0,48.0
35.0,74.0,35.0,74.0,51,7074,37.0,41.0,50.0
35.0,73.0,35.0,73.0,52,7073,38.0,43.0,49.0
36.0,72.0,36.0,72.0,53,7272,33.0,37.0,48.0
36.0,71.0,36.0,71.0,54,7271,38.0,42.0,53.0
35.0,70.0,35.0,70.0,55,7070,24.0,27.0,36.0
35.0,69.0,35.0,69.0,56,7069,21.0,25.0,34.0
34.0,68.0,34.0,68.0,57,6868,27.0,30.0,39.0
35.0,67.0,35.0,67.0,58,7067,23.0,26.0,35.0
35.0,66.0,35.0,66.0,59,7066,23.0,30.0,38.0
36.0,65.0,36.0,65.0,60,7265,24.0,29.0,35.0
36.0,64.0,36.0,64.0,61,7264,19.0,22.0,27.0
35.0,63.0,35.0,63.0,62,7063,9.0,28.0,32.0
35.0,62.0,35.0,62.0,63,7062,22.0,18.0,32.0
34.0,61.0,34.0,61.0,64,6861,12.0,12.0,12.0
33.0,60.0,33.0,60.0,65,6660,24.0,16.0,13.0
33.0,59.0,33.0,59.0,66,6659,5.0,10.0,16.0
33.0,58.0,33.0,58.0,67,6658,14.0,16.0,28.0
32.0,57.0,32.0,57.0,68,6457,94.0,63.0,68.0
31.0,56.0,31.0,56.0,69,6256,58.0,57.0,55.0
32.0,55.0,32.0,55.0,70,6455,56.0,51.0,47.0
31.0,54.0,31.0,54.0,71,6254,181.0,121.0,97.0
30.0,53.0,30.0,53.0,72,6053,232.0,102.0,78.0
29.0,52.0,29.0,52.0,73,5852,251.0,115.0,75.0
28.0,51.0,28.0,51.0,74,5651,152.0,97.0,77.0
27.0,50.0,27.0,50.0,75,5450,10.0,24.0,33.0
26.0,49.0,26.0,49.0,76,5249,22.0,28.0,40.0
26.0,48.0,26.0,48.0,77,5248,70.0,58.0,46.0
26.0,47.0,26.0,47.0,78,5247,212.0,141.0,89.0
25.0,46.0,25.0,46.0,79,5046,117.0,94.0,80.0
24.0,45.0,24.0,45.0,80,4845,79.0,51.0,48.0
23.0,44.0,23.0,44.0,81,4644,107.0,67.0,55.0
23.0,43.0,23.0,43.0,82,4643,115.0,68.0,62.0
24.0,42.0,24.0,42.0,82,4842,36.0,38.0,33.0
25.0,41.0,25.0,41.0,83,5041,0.0,12.0,29.0
25.0,40.0,25.0,40.0,84,5040,26.0,37.0,43.0
24.0,39.0,24.0,39.0,85,4839,40.0,51.0,57.0
23.0,38.0,23.0,38.0,86,4638,40.0,47.0,57.0
24.0,37.0,24.0,37.0,87,4837,35.0,44.0,53.0
24.0,36.0,24.0,36.0,88,4836,39.0,50.0,56.0
25.0,35.0,25.0,35.0,89,5035,12.0,15.0,22.0
25.0,34.0,25.0,34.0,90,5034,9.0,13.0,24.0
26.0,33.0,26.0,33.0,91,5233,20.0,20.0,30.0
27.0,32.0,27.0,32.0,92,5432,18.0,22.0,34.0
27.0,31.0,27.0,31.0,93,5431,12.0,20.0,31.0
26.0,30.0,26.0,30.0,94,5230,18.0,28.0,38.0
26.0,29.0,26.0,29.0,95,5229,24.0,34.0,44.0
26.0,28.0,26.0,28.0,96,5228,17.0,27.0,39.0
27.0,27.0,27.0,27.0,97,5427,9.0,9.0,21.0
27.0,26.0,27.0,26.0,98,5426,11.0,11.0,21.0
26.0,25.0,26.0,25.0,99,5225,25.0,31.0,43.0
26.0,24.0,26.0,24.0,100,5224,19.0,27.0,38.0
26.0,23.0,26.0,23.0,101,5223,18.0,20.0,33.0
26.0,22.0,26.0,22.0,102,5222,21.0,25.0,37.0
26.0,21.0,26.0,21.0,103,5221,17.0,23.0,37.0
26.0,20.0,26.0,20.0,104,5220,20.0,26.0,38.0
26.0,19.0,26.0,19.0,105,5219,18.0,26.0,37.0
25.0,18.0,25.0,18.0,106,5018,25.0,27.0,39.0
24.0,17.0,24.0,17.0,107,4817,20.0,29.0,36.0
24.0,16.0,24.0,16.0,108,4816,19.0,26.0,36.0
23.0,15.0,23.0,15.0,109,4615,19.0,26.0,34.0
24.0,14.0,24.0,14.0,110,4814,15.0,22.0,28.0
23.0,13.0,23.0,13.0,111,4613,12.0,19.0,27.0
24.0,12.0,24.0,12.0,112,4812,18.0,27.0,36.0
24.0,11.0,24.0,11.0,113,4811,22.0,26.0,35.0
25.0,10.0,25.0,10.0,113,5010,12.0,15.0,24.0
24.0,9.0,24.0,9.0,114,4809,8.0,17.0,26.0
24.0,8.0,24.0,8.0,115,4808,20.0,27.0,35.0
25.0,7.0,25.0,7.0,116,5007,22.0,27.0,33.0
26.0,6.0,26.0,6.0,117,5206,22.0,32.0,44.0
27.0,5.0,27.0,5.0,118,5405,25.0,38.0,47.0
27.0,4.0,27.0,4.0,119,5404,29.0,38.0,47.0
28.0,3.0,28.0,3.0,120,5603,38.0,45.0,51.0
28.0,2.0,28.0,2.0,121,5602,19.0,26.0,32.0
29.0,1.0,29.0,1.0,122,5801,22.0,31.0,40.0
29.0,0.0,29.0,0.0,123,5800,40.0,48.0,59.0
